kinematics:
  shoulder:
    x: 0
    y: 0
    z: 0.1622611505320299
    roll: -0
    pitch: 0
    yaw: 3.641386684761008e-08
  upper_arm:
    x: 9.103641812388815e-05
    y: 0
    z: 0
    roll: 1.569456747519564
    pitch: 0
    yaw: 2.958182319470122e-06
  forearm:
    x: -0.4253373848860682
    y: 0
    z: 0
    roll: 3.141309128394928
    pitch: 3.139956385335156
    yaw: 3.141592523922828
  wrist_1:
    x: -0.3926365786996132
    y: -5.990387137901721e-05
    z: 0.1335844470037561
    roll: 0.0004484344450810756
    pitch: -0.001493085165950856
    yaw: 3.773063156164448e-06
  wrist_2:
    x: 5.887597643812706e-05
    y: -0.09968183350530127
    z: 0.0001596846321728337
    roll: 1.569194384997055
    pitch: 0
    yaw: -8.022001580718084e-08
  wrist_3:
    x: 8.684907125048744e-06
    y: 0.09957134582429635
    z: 3.975361579706836e-05
    roll: 1.571195574322945
    pitch: 3.141592653589793
    yaw: -3.141592515588457
  hash: calib_8652626730844202177