kinematics:
  shoulder:
    x: 0
    y: 0
    z: 0.1624279863650083
    roll: -0
    pitch: 0
    yaw: -2.367310330316647e-08
  upper_arm:
    x: 0.0001453222096546982
    y: 0
    z: 0
    roll: 1.569501324566274
    pitch: 0
    yaw: 3.989958812751009e-06
  forearm:
    x: -0.4252395839263086
    y: 0
    z: 0
    roll: 3.141511675920963
    pitch: 3.140387115849951
    yaw: -3.141591801657151
  wrist_1:
    x: -0.3925931106463715
    y: -0.0001265856946999905
    z: 0.1333378340549462
    roll: 0.0009493603789745801
    pitch: -0.001612071874284859
    yaw: 3.508887376974641e-06
  wrist_2:
    x: 2.684071949462395e-05
    y: -0.09967285722549035
    z: 0.0001576091535220689
    roll: 1.569215063584955
    pitch: 0
    yaw: 1.912206494328328e-06
  wrist_3:
    x: 3.935874975537777e-05
    y: 0.09939510310322043
    z: 7.706968177390033e-05
    roll: 1.57157171374981
    pitch: 3.141592653589793
    yaw: -3.141592046320358
  hash: calib_10006988994488163588